9203781476772508550
17643245483650008813
12940155197727273977
2372658510734284817
17052902234228562368
3371683690534246245
9394216674313666715
5686685372014205010
10254634031501000837
4758605322743411114
3130538602448943712
9323472493053419008
4743646859520952854
18147132090558197131
9871089262893362185
3892221398701980318
2459780277163151417
4987728751006009671
12311477539531407885
2316019021847273675
2429126724059672762
7388195885460227659
5913145771185362347
4925140892773701323
11221876232215464591
16064765257872289309
513477706412128900
11525213682008348457
3433879717144980455
12064259044637791548
11337090749164333878
14891520902527558015
5318658619024423437
9213982198285989874
7283553047051478128
1742007995061370491
10650093632575559278
14226936247972832712
6647830676951446916
17506496391240999169
2061738788541271618
1390631882708163327
1077251821859788913
7224181766438750761
11564967788896871878
126827971113479157
11250240078412884456
14980880305356325918
16570122565342777346
16408312294635102278
17479953351852068119
2891815940143607188
6082259975087708459
13618779328920892038
15255525190191653819
9169123761365276786
12566115123897038860
16962683796818468849
13805894934937559520
9229853867279009856
3868701893002489913
332590977033981141
9542834225133350343
11482257746243343539
7719445443332080651
4750450572105658335
17543760030094898291
187027844293541660
16040139774307680901
9316653680318571871
18181250394405775314
4265196235542390370
7863741117130477439
14026776152437364036
13609414105196882259
14881925229758250254
16684460588775611019
1654428496205484999
15708802666296932153
111809928984551781
4158832617847778219
7358934656258763543
245716402081194207
12855046600221412545
2858068885760966420
17807380090610608213
4729783366104498354
12035598943946586139
12472736839048492114
16344130500416515852
12937162354944449415
14550195884716058590
16155634132567904031
14679050464889687825
8417530452236036359
778333802782817032
13242539817454463053
3180755247907692042
17274197680152599772
8805579561480403018
4470068925475260189
12001811814986132779
5504605069733905441
17250147444952459229
17390157432627318884
17640398954697441290
2025470493537309535
22235298542545946
8186921077118457873
14318626706178484720
14341934609409952781
10449134210676026266
7193722615101204563
1258680476732161337
16182395051832474460
1948666745274262848
1860875525049782336
3144323329136137412
3721485357432462759
9683148670488293959
14461956631104827108
477099461809234616
10869034554618566233
14116472276678096693
15929910396080858859
14902678695703582177
10684087368958140039
9072703958951069155
16538903248775495108
9891865354718449930
14514262575504565745
6011676279281613964
4643935602008356188
7683419992954036845
8504833972654311335
2700496696384001193
17810334954739476560
5558803937955854331
13256141941051321163
2044877888934263672
2606481665489163646
13665293750029449761
894587259037288777
5268104571212498181
4125131171311841440
5945835692015317530
2866036622806777542
12108118104221561610
1380120497442090368
10646207864430852783
11167099451334872128
4826902349623983952
17202133718951657069
11351071305663784613
7063204018093481325
8977838755018358822
7993440081818398719
8386517767319280634
1690226256154566031
3401417381009615920
11978677753511551692
17244809781096185863
10455014221578290078
9087217576536803910
8471389084328774884
16241305774250348306
13784711593193634622
6123213969368026689
8015521871935881401
17956370095148188563
15786749319616415259
14127762850797144281
10546197495127109081
2623079593780766509
5203695970204727212
14175831135243269973
1237532660567754219
18325085822838444961
4475667730532019784
9822892594600635260
14638230170274868670
2483799008244694062
15745417480073601441
5085888368633940701
7013055935593119253
6644721787593394636
7981401848593214250
9513775530364970927
18285469112912723253
4310845591670691910
7388825790531102428
16593602406080625890
6394211482082462131
10988004677551401518
7419038907269874462
5257695654821775170
14249106997718991621
15477530620825787823
7741440441009660646
1956117743323183715
4927555535462791567
3123975545390233898
113896695875897441
7768316287315011806
269730055725621214
14377902558528081287
11129511083093808102
8064127207922057014
11936670440308029130
13150126278216391635
3751020785900846047
13927219732854515552
14633798401490754860
3331796221211592871
8594114601463783090
12087916253067263710
7427422975955101693
17823433774593761884
6862740248798045665
17765621312202116896
5591117681707594810
8845179054738199710
2331440303908927641
1108308653662550523
7105917128754757782
3731530720480431131
10062324608133255709
9302392949759209313
15289351631504950836
507773808477318131
9577261839041872451
5718705760343150649
16480573376277351233
11473671558748241582
1104662044308556472
16712089762000883806
4119404371880016336
15569351792901988524
4120452317237926574
15636057330406574014
1711526717344069246
8365958938975697228
13787640113117245513
15207681963758086713
3334493373659247449
11728233828739310296
17315099762956683389
4288680471344253006
14806922166617824590
13096383249821542257
12880193632119764553
1456599000940996582
7510750139677282510
9773377190367907513
15673768392080645515
4234849804700837298
15668424550568067813
4569340739318826998
5572515809162532192
17994490190947650894
12206577266322354636
16503064386347094675
13488317388753672008
5044272269118351690
15679673402397711980
13480631800474681949
2655432475683576726
1426308241712740608
2635905809108285554
16359725192188051199
3220454032793053584
11442770059842480981
6622104104277222428
10022712328613827774
5535242786550735107
6039733200308058364
9089412956988752929
9016989695517040145
1258030030835479719
16130986765616425336
13236666106400544075
15064974722671399932
17675064856232107047
7759509250360976437
9528189525266344096
5753265581627435464
850929619619314964
964945797454236029
3641700049247185003
1021282977550174569
3917593876370134273
14212770971376794108
8249156576235607689
13273202163174021028
1365399180511676666
16282491365336369806
12225704600444538006
18385771255300852284
12138902529917089798
2001708669958290165
12019156462668967164
16069714899765286396
14991298933202361662
13624014180839954372
6959252934100476716
4963896877292596057
14743003814078360601
