15760543397631788998
10763372506197583284
4423867937746931139
12940155197727273977
2726903203821114679
16118663672781831897
15233357975624549147
3371683690534246245
8398058325430822148
15537223107771388920
9232477693112248209
10254634031501000837
13819817658580147469
13802006075317044396
10431574646587510178
9323472493053419008
16958661419153934191
12695294023426676194
16412066784733401166
9871089262893362185
6673131178258488940
15699441212903504203
7557793108542676051
4987728751006009671
9970070731538178400
9084933335962569769
9047203450822777202
2429126724059672762
17417586490895230841
2285382346959844399
5864339727138698263
4925140892773701323
5517426997862567600
13682285889016198256
17853992508834491554
513477706412128900
942026050036295913
11976053430988280796
14637060374394847056
12064259044637791548
17132579844386315252
10349070095154290607
10401945373054928318
5318658619024423437
13872056215464075970
11800484087539181902
13467978853219479076
1742007995061370491
6681744845593725264
17699945436612018348
10770856580294660612
6647830676951446916
4224654107491536449
9502950827604616305
15835200696462733577
1390631882708163327
13445122489124396931
9957444007118170117
13728766619297137389
11564967788896871878
14601532025185014180
9244289223109489349
3286379939298330811
14980880305356325918
14605341175466750568
5183567413426424932
8482662340506728609
17479953351852068119
666415776513591649
4839671629171480852
7140833131248946235
13618779328920892038
9394967521859644631
4110906063358824555
2664519383819071365
12566115123897038860
14858284065576534125
625377725224912822
11531460256237820888
9229853867279009856
14333436850521163133
15157906046117992395
8285525446208411770
9542834225133350343
8680513752988135965
14976969990719319857
2845510511086261406
4750450572105658335
548531368487340438
6161062062694913114
14486007152059934116
16040139774307680901
605453356371506685
10090799825757435999
4504088802296685779
4265196235542390370
16034005091682687069
9190948659013552664
3342385488595970401
13609414105196882259
3123081300705442106
2340173384651429587
14117121510764608891
1654428496205484999
2572824504581678807
15446495008188173611
5065812966213921803
4158832617847778219
164463742756764600
6176845169792944119
12454390945311300968
12855046600221412545
7464910671146401765
575530490705874965
4043074413240282827
4729783366104498354
10382599798210111018
10695853415652772635
12333161269187788173
16344130500416515852
7548384980384463875
212162476193065883
13507132371836469554
16155634132567904031
17510723787792672187
1392243611588545413
12161147452870706850
778333802782817032
15158979809521758281
16491993019365970755
2878321526694496955
17274197680152599772
260189557560880037
11345142750078115107
10667226548417832373
12001811814986132779
1210819945254851261
1223855435595147171
17193797283339061920
17390157432627318884
1920129828666555163
12005597593522530438
10761405751713700492
22235298542545946
2708390124809891279
6237365057175598884
17793548962905448164
14341934609409952781
5786168377595754756
15725064536048786593
4829456293751837448
1258680476732161337
12496502227288394813
15151631728543463078
14791470540531263681
1860875525049782336
11920158078210863117
8558058381369363808
5391416561769632977
9683148670488293959
7412370731931832470
952440912892208461
1312588415531381568
10869034554618566233
4763417984486631183
16881959111526236021
3849118440135698992
14902678695703582177
10034794219320140545
3198067397090428548
15102474723593310536
16538903248775495108
16680415036419914831
675860575876181859
1438951855937488076
6011676279281613964
7904604389481734555
13784577916458434296
11443526902217902386
8504833972654311335
9230755814862058120
9315883874600130600
5454333938361076788
5558803937955854331
9231118383648487567
17853656595044786287
6102533962026402863
2606481665489163646
7223026866465261905
12823548117372690297
12555841527199687936
5268104571212498181
16677196092928443990
5453167684094513345
3094033470894357216
2866036622806777542
10028290223660007137
5568635591880727548
1869787725322014019
10646207864430852783
7847892025029640866
3865300592936757003
12262380740691158114
17202133718951657069
17806230939189146869
9740247961482134500
11704460771258262700
8977838755018358822
12017075503540261530
8589904025106064191
3647878215457517602
1690226256154566031
17111969092904177988
6391733129245580740
15840800650330453046
17244809781096185863
798102676539533221
14967317906753971672
7759434365740150800
8471389084328774884
9625069821468141304
6224726141494909025
5938530494598101770
6123213969368026689
11121755428757289079
5140594656558579349
1760204804428234162
15786749319616415259
12940410670719453174
11032834680801418017
9015902762943399827
2623079593780766509
12941474587564652759
9389600798858103867
12134504421506062212
1237532660567754219
11551390966599145102
8082005886924119499
15261398925777131808
9822892594600635260
3242194975133961625
1286253173440577898
8762498896533620408
15745417480073601441
15259473015595414886
2797928059898100461
5675626053513411061
6644721787593394636
15533590884651585729
14493146339454468703
10254667082999626044
18285469112912723253
14815569666427483858
3629500193873537181
14941378214413932468
16593602406080625890
15300652904164290055
14257508362312849549
3367048197153522554
7419038907269874462
5101317230424840252
10167557396942429615
11007237559917212304
15477530620825787823
14981539109356840425
13122148450730164961
3122078266940798845
4927555535462791567
5398848489612855550
11218805944089851330
708048212720503710
7768316287315011806
2040477792565637722
13639011840896479425
1913506158504668860
11129511083093808102
4658823124699574123
8095757194326313325
7655680348544768998
13150126278216391635
17219861647750871989
16263591634036484645
6988040404564482398
14633798401490754860
14853777711253614178
16266026808475721978
13995246747691484787
12087916253067263710
2781764988609715100
10316584398129813874
146451466555832775
6862740248798045665
15685685886927022459
12411712920716807453
1258493891216291909
8845179054738199710
15283939811958844907
1025402192216905856
14518226330951452624
7105917128754757782
3854409982916781192
1907703083644506928
18370777821526860519
9302392949759209313
15204336434716922762
3386337825191644790
16738125015486100998
9577261839041872451
3745732886665049675
14487306724984798017
1373484670912194261
11473671558748241582
8725487605389432183
17118430567758526827
2903019590695118458
4119404371880016336
9228764080584372720
16888377699555636678
12415123568062244686
15636057330406574014
16994030122552781334
17719971514588423038
217765315838577312
13787640113117245513
6270404226085528983
6403594763394878685
11937169190118164120
11728233828739310296
2141652001067146066
12101694181325024596
12984890550678100974
14806922166617824590
11029822308452580821
4325033544627982841
9811961284126332002
1456599000940996582
4358199390631153704
10638290971365334543
681443366234211985
15673768392080645515
7299292215988201304
14511243990393007289
482308058014538999
4569340739318826998
8345631543759761574
4260351060875260215
3175879821811871007
12206577266322354636
4593425945933880567
3179322310788568463
12979803834672822811
5044272269118351690
11213936900235131807
15163447132687085514
9870657218111424403
2655432475683576726
18306533593674536087
12177809499412843654
422904999435820250
16359725192188051199
17350067108172897439
524820757789963105
2606948033338746161
6622104104277222428
18329709111152093675
9508497377878220850
10266659016742181056
6039733200308058364
13316776419359417932
3476366567415899955
6935879267591103787
1258030030835479719
2262158344682751113
3226575544821993245
13077892729378004030
15064974722671399932
8689608034538143216
14406124544363098834
8648037956652219039
9528189525266344096
10316160479914686223
5409306598608927685
3224891482594008760
964945797454236029
7336982006509284230
8820235752674549642
12235278831492154105
3917593876370134273
4515704194188470488
10067767809685267221
10959974716309179553
13273202163174021028
8125110074267714667
2399959838189429509
5695296731389824570
12225704600444538006
10561741824706400402
13206231319180131860
9887482885510074197
2001708669958290165
2189799458255321991
8353715818057795051
9896216173640233180
14991298933202361662
10962056782612628108
12186058568029683918
7553767689123691888
4963896877292596057
1006549020967402397
17880926006012876085
867416675970244700
