15760543397631788998
10763372506197583284
4423867937746931139
9203781476772508550
17643245483650008813
12940155197727273977
17549277000927159566
1054666653102417439
2343052225907315951
1048986391831387153
2726903203821114679
16118663672781831897
15233357975624549147
2372658510734284817
17052902234228562368
3371683690534246245
16455170485841800461
4803944974478700390
12168176012120927583
14198609415685102746
8398058325430822148
15537223107771388920
9232477693112248209
9394216674313666715
5686685372014205010
10254634031501000837
4199903104548983875
2679492047248506264
18092179059681691153
11793673764329765427
13819817658580147469
13802006075317044396
10431574646587510178
4758605322743411114
3130538602448943712
9323472493053419008
11100308269880067801
10871184009348189130
11976299440180793407
14513612211254786587
16958661419153934191
12695294023426676194
16412066784733401166
4743646859520952854
18147132090558197131
9871089262893362185
13524716956300591622
18351166901396727378
449758271292277954
2090977629182348705
6673131178258488940
15699441212903504203
7557793108542676051
3892221398701980318
2459780277163151417
4987728751006009671
14854083945674035881
3460655566276232280
10552320085662606064
17432508532351555629
9970070731538178400
9084933335962569769
9047203450822777202
12311477539531407885
2316019021847273675
2429126724059672762
10533697523659499656
4404032900880679454
11511420022855013955
8170411747511167768
17417586490895230841
2285382346959844399
5864339727138698263
7388195885460227659
5913145771185362347
4925140892773701323
13846386706157542923
16934092634655098989
15399358354284820488
14918568255838020560
5517426997862567600
13682285889016198256
17853992508834491554
11221876232215464591
16064765257872289309
513477706412128900
15873978863707906751
7266009453336637481
14393203736894715845
12588601419912684368
942026050036295913
11976053430988280796
14637060374394847056
11525213682008348457
3433879717144980455
12064259044637791548
15186843216651111584
240048959375749832
12485820016802788920
11531673418067448968
17132579844386315252
10349070095154290607
10401945373054928318
11337090749164333878
14891520902527558015
5318658619024423437
9580294738967710528
3679578993326523513
13335241896559708777
7943872116726952846
13872056215464075970
11800484087539181902
13467978853219479076
9213982198285989874
7283553047051478128
1742007995061370491
5992855663933205019
8658589331055775987
3545964371634364528
2844561055612555638
6681744845593725264
17699945436612018348
10770856580294660612
10650093632575559278
14226936247972832712
6647830676951446916
1335600246144568123
3942789633324052220
14052889955067149028
1109340381292445801
4224654107491536449
9502950827604616305
15835200696462733577
17506496391240999169
2061738788541271618
1390631882708163327
15556256167797376192
12022392643239854965
6934905381139218511
6591708684213738735
13445122489124396931
9957444007118170117
13728766619297137389
1077251821859788913
7224181766438750761
11564967788896871878
2542980662340381276
17453675458977756245
8763542407943488151
18028171692967950341
14601532025185014180
9244289223109489349
3286379939298330811
126827971113479157
11250240078412884456
14980880305356325918
7445203338042434097
17704665223627597937
2754543289393192314
5877780632003690703
14605341175466750568
5183567413426424932
8482662340506728609
16570122565342777346
16408312294635102278
17479953351852068119
2519822341753622007
3190742883585582380
16468770564682626810
2449071221572275786
666415776513591649
4839671629171480852
7140833131248946235
2891815940143607188
6082259975087708459
13618779328920892038
12838373488094505362
163789603972981217
12682553600942641345
16495528212303823507
9394967521859644631
4110906063358824555
2664519383819071365
15255525190191653819
9169123761365276786
12566115123897038860
11662694467268070397
4476710151890363598
3754201662019999810
916911925924854964
14858284065576534125
625377725224912822
11531460256237820888
16962683796818468849
13805894934937559520
9229853867279009856
17327658286347935192
4519343546726511459
12491902251480653697
1083865869885459574
14333436850521163133
15157906046117992395
8285525446208411770
3868701893002489913
332590977033981141
9542834225133350343
14860878398894266241
1601970353381899266
16559658063194580628
8749230375835245403
8680513752988135965
14976969990719319857
2845510511086261406
11482257746243343539
7719445443332080651
4750450572105658335
13000763013402075613
13694551510475151120
7624989735732135067
6162695376668312846
548531368487340438
6161062062694913114
14486007152059934116
17543760030094898291
187027844293541660
16040139774307680901
8955259080678300093
7363674726874982875
6171586600620346108
694901902899976345
605453356371506685
10090799825757435999
4504088802296685779
9316653680318571871
18181250394405775314
4265196235542390370
10129845933733948502
16642001652952757148
13289369607644794514
6923754439037716618
16034005091682687069
9190948659013552664
3342385488595970401
7863741117130477439
14026776152437364036
13609414105196882259
17165380375984738681
17466056576362001860
12853942988633170832
14185452619305210897
3123081300705442106
2340173384651429587
14117121510764608891
14881925229758250254
16684460588775611019
1654428496205484999
6685886924315028886
17204240073606265830
2431778912000709587
8464479987778002442
2572824504581678807
15446495008188173611
5065812966213921803
15708802666296932153
111809928984551781
4158832617847778219
7609997662904793497
14228744729444802262
7993953242791957910
9571038275597128712
164463742756764600
6176845169792944119
12454390945311300968
7358934656258763543
245716402081194207
12855046600221412545
2940109321794362764
4003029901235387147
7708669164943358338
18408675736481149356
7464910671146401765
575530490705874965
4043074413240282827
2858068885760966420
17807380090610608213
4729783366104498354
16694429379459564236
5388018215825509501
3319458909879341139
4086813052547451200
10382599798210111018
10695853415652772635
12333161269187788173
12035598943946586139
12472736839048492114
16344130500416515852
12886013858942015571
10698228033878085810
3187771989250170908
13220027497556058518
7548384980384463875
212162476193065883
13507132371836469554
12937162354944449415
14550195884716058590
16155634132567904031
9371570339716345834
7576026453537842820
4454163642846181872
11444933065831357714
17510723787792672187
1392243611588545413
12161147452870706850
14679050464889687825
8417530452236036359
778333802782817032
18358608725385457594
6270890066171195428
13670710960379496360
10758948590814142840
15158979809521758281
16491993019365970755
2878321526694496955
13242539817454463053
3180755247907692042
17274197680152599772
10786607817775948877
8443458266589042725
12365152698659189420
3507729108319784074
260189557560880037
11345142750078115107
10667226548417832373
8805579561480403018
4470068925475260189
12001811814986132779
9120218447247584479
18145948792779548475
6240630807869186799
10117626142090214846
1210819945254851261
1223855435595147171
17193797283339061920
5504605069733905441
17250147444952459229
17390157432627318884
6176630214456973702
1053610384852572676
2459103871612180840
3990451907046345989
1920129828666555163
12005597593522530438
10761405751713700492
17640398954697441290
2025470493537309535
22235298542545946
9374093543532263962
7196014874455719916
1770054900160070369
3769758006040875755
2708390124809891279
6237365057175598884
17793548962905448164
8186921077118457873
14318626706178484720
14341934609409952781
3034944210686930894
13063345256766591457
12938708307951398426
7399285925565427035
5786168377595754756
15725064536048786593
4829456293751837448
10449134210676026266
7193722615101204563
1258680476732161337
8361774066212361180
5687286838656463899
4019762901116043408
13134386723912039197
12496502227288394813
15151631728543463078
14791470540531263681
16182395051832474460
1948666745274262848
1860875525049782336
10790400094439674709
13462645835558449311
9651513273549748290
6212376915035152167
11920158078210863117
8558058381369363808
5391416561769632977
3144323329136137412
3721485357432462759
9683148670488293959
7146037336619705503
15568624115518351285
15287846937620909933
16692737683936195266
7412370731931832470
952440912892208461
1312588415531381568
14461956631104827108
477099461809234616
10869034554618566233
16684335200462226455
18372853838672026862
9599575253967436136
8360483525803278607
4763417984486631183
16881959111526236021
3849118440135698992
14116472276678096693
15929910396080858859
14902678695703582177
14248659515989718409
11333230200959971728
14501869658391653285
11250934825109589539
10034794219320140545
3198067397090428548
15102474723593310536
10684087368958140039
9072703958951069155
16538903248775495108
16594079669780699997
5161801980473841308
8480028756539136728
18254899358453453361
16680415036419914831
675860575876181859
1438951855937488076
9891865354718449930
14514262575504565745
6011676279281613964
13810011871173442557
1289979443248218519
14394285267498665200
4029348010295437829
7904604389481734555
13784577916458434296
11443526902217902386
4643935602008356188
7683419992954036845
8504833972654311335
11937838219071130536
6064120672165102418
18207444647438112475
11631579103264064869
9230755814862058120
9315883874600130600
5454333938361076788
2700496696384001193
17810334954739476560
5558803937955854331
15457089249439198444
13381759263104682111
8204452242469317539
9651242669820246653
9231118383648487567
17853656595044786287
6102533962026402863
13256141941051321163
2044877888934263672
2606481665489163646
12788555324862986858
10330480626741768018
15453887879191281402
4516699858406687300
7223026866465261905
12823548117372690297
12555841527199687936
13665293750029449761
894587259037288777
5268104571212498181
482120617738774341
7723562008486654689
7652250183309642817
4336262215796425387
16677196092928443990
5453167684094513345
3094033470894357216
4125131171311841440
5945835692015317530
2866036622806777542
2491560134105394968
6948587854323392099
3128154142354527613
1548125814858170306
10028290223660007137
5568635591880727548
1869787725322014019
12108118104221561610
1380120497442090368
10646207864430852783
3043010851466896861
11039784981499220920
3269236636928510208
11738589514325053711
7847892025029640866
3865300592936757003
12262380740691158114
11167099451334872128
4826902349623983952
17202133718951657069
559189728962552883
14904778645346016103
8754552321602350743
11508568439176349190
17806230939189146869
9740247961482134500
11704460771258262700
11351071305663784613
7063204018093481325
8977838755018358822
6944417206621630803
16634764300640302351
16358114325300844026
17838251692793054631
12017075503540261530
8589904025106064191
3647878215457517602
7993440081818398719
8386517767319280634
1690226256154566031
16441646142630057989
9034844063747257215
12970514624331467089
16948178736426113095
17111969092904177988
6391733129245580740
15840800650330453046
3401417381009615920
11978677753511551692
17244809781096185863
15440842142050288634
12844733859700224662
14694148899763264667
7278149398091406033
798102676539533221
14967317906753971672
7759434365740150800
10455014221578290078
9087217576536803910
8471389084328774884
6789563556032862626
6806020401281577335
276300636344968446
5572577049373036201
9625069821468141304
6224726141494909025
5938530494598101770
16241305774250348306
13784711593193634622
6123213969368026689
16326065419765730216
2295882495121806058
10353527595482121494
11835616237944054902
11121755428757289079
5140594656558579349
1760204804428234162
8015521871935881401
17956370095148188563
15786749319616415259
2396074857926390120
16374053788376071837
1935838985224074875
13644671529317836080
12940410670719453174
11032834680801418017
9015902762943399827
14127762850797144281
10546197495127109081
2623079593780766509
3322626431455303870
8845619749949116678
6719604003933036427
9586406756744675193
12941474587564652759
9389600798858103867
12134504421506062212
5203695970204727212
14175831135243269973
1237532660567754219
11691003878037921856
1030565762306757130
12443340125323951214
11334601244860555590
11551390966599145102
8082005886924119499
15261398925777131808
18325085822838444961
4475667730532019784
9822892594600635260
1257703372890091828
14836150818928189230
14513926214766116110
4675045697543897133
3242194975133961625
1286253173440577898
8762498896533620408
14638230170274868670
2483799008244694062
15745417480073601441
255790974483709806
1853953192899855497
16704630493137510600
8171791091649748785
15259473015595414886
2797928059898100461
5675626053513411061
5085888368633940701
7013055935593119253
6644721787593394636
17256661998582803371
12212794293707395364
15550273619080113591
11429242301657085333
15533590884651585729
14493146339454468703
10254667082999626044
7981401848593214250
9513775530364970927
18285469112912723253
3664473617068723978
18363498093834939553
6717282018331019730
3638113836503240296
14815569666427483858
3629500193873537181
14941378214413932468
4310845591670691910
7388825790531102428
16593602406080625890
16330613389364479346
14446096567979095579
9233348826959450034
1161614669086500923
15300652904164290055
14257508362312849549
3367048197153522554
6394211482082462131
10988004677551401518
7419038907269874462
5864039190666363865
4196757638079524220
13279391883522328958
2428628896296817006
5101317230424840252
10167557396942429615
11007237559917212304
5257695654821775170
14249106997718991621
15477530620825787823
12771615697782491629
2945350925459356126
3069853635854071132
9527920205880819672
14981539109356840425
13122148450730164961
3122078266940798845
7741440441009660646
1956117743323183715
4927555535462791567
9643548758341648181
9307262800357497138
2166092166857494815
4786970177805459556
5398848489612855550
11218805944089851330
708048212720503710
3123975545390233898
113896695875897441
7768316287315011806
15593424627632992913
2503733509317706754
17286222815209149823
16473919858180310735
2040477792565637722
13639011840896479425
1913506158504668860
269730055725621214
14377902558528081287
11129511083093808102
13010105864814806774
10009357622258179863
13171989843118356912
542314433713991137
4658823124699574123
8095757194326313325
7655680348544768998
8064127207922057014
11936670440308029130
13150126278216391635
6140246994767475439
3852557660419625966
18298401955196295286
17949001265793998411
17219861647750871989
16263591634036484645
6988040404564482398
3751020785900846047
13927219732854515552
14633798401490754860
9449316927324472585
3312308717244341144
8336609216200674341
1775873871734876209
14853777711253614178
16266026808475721978
13995246747691484787
3331796221211592871
8594114601463783090
12087916253067263710
14783460723127216094
10002781689151029614
1894961021400481203
9758393826040378789
2781764988609715100
10316584398129813874
146451466555832775
7427422975955101693
17823433774593761884
6862740248798045665
14454562474870376198
4348233172968247308
50060351731582259
13664404721271802924
15685685886927022459
12411712920716807453
1258493891216291909
17765621312202116896
5591117681707594810
8845179054738199710
3670193273846374846
10576097785241632556
10481359066645510032
10360706640968720380
15283939811958844907
1025402192216905856
14518226330951452624
2331440303908927641
1108308653662550523
7105917128754757782
7590507085247393227
2507801956091153170
14828577185325906953
2318407560571996725
3854409982916781192
1907703083644506928
18370777821526860519
3731530720480431131
10062324608133255709
9302392949759209313
16290024735213648852
1625841325443825766
9060073399509304266
18173706499647097354
15204336434716922762
3386337825191644790
16738125015486100998
15289351631504950836
507773808477318131
9577261839041872451
9459406398364908930
65211164653013245
17635714298060141122
5875409046338454080
3745732886665049675
14487306724984798017
1373484670912194261
5718705760343150649
16480573376277351233
11473671558748241582
17598066793372973642
6760373655249550340
753470618119630271
17422936045697263563
8725487605389432183
17118430567758526827
2903019590695118458
1104662044308556472
16712089762000883806
4119404371880016336
13863079413687620723
11850940086964766294
8231130844674357157
3818696451822106556
9228764080584372720
16888377699555636678
12415123568062244686
15569351792901988524
4120452317237926574
15636057330406574014
17846585983700295614
15583100630352999765
1388604503143751343
9270170461766372659
16994030122552781334
17719971514588423038
217765315838577312
1711526717344069246
8365958938975697228
13787640113117245513
515242769156689570
6818132787838129825
14368069348921810672
12771578486485942170
6270404226085528983
6403594763394878685
11937169190118164120
15207681963758086713
3334493373659247449
11728233828739310296
6350505144197779545
2752594847148816885
3909447982577294356
4339445692998887393
2141652001067146066
12101694181325024596
12984890550678100974
17315099762956683389
4288680471344253006
14806922166617824590
7363364174419943949
8620866159157222120
16742703860637272336
7511511519269922626
11029822308452580821
4325033544627982841
9811961284126332002
13096383249821542257
12880193632119764553
1456599000940996582
8237398361754161356
6332808547007917790
7922701986681029985
14037021948426976195
4358199390631153704
10638290971365334543
681443366234211985
7510750139677282510
9773377190367907513
15673768392080645515
5428584964493252970
14171041253704195889
276497616425056461
16736461679163875463
7299292215988201304
14511243990393007289
482308058014538999
4234849804700837298
15668424550568067813
4569340739318826998
16402014563806330336
7736638603842375060
10016320655055155219
15992892351343755097
8345631543759761574
4260351060875260215
3175879821811871007
5572515809162532192
17994490190947650894
12206577266322354636
16877345104318519329
746926809621198424
16528229946980451711
5588493999316907985
4593425945933880567
3179322310788568463
12979803834672822811
16503064386347094675
13488317388753672008
5044272269118351690
4466506190265877661
14638145157345399562
1155346750639262176
10639314252056838203
11213936900235131807
15163447132687085514
9870657218111424403
15679673402397711980
13480631800474681949
2655432475683576726
5739766506862911124
184637137800496344
13189817438651350222
9731411865518369053
18306533593674536087
12177809499412843654
422904999435820250
1426308241712740608
2635905809108285554
16359725192188051199
2814335951133823981
10101529045804081624
9646011682906866901
833399666744748570
17350067108172897439
524820757789963105
2606948033338746161
3220454032793053584
11442770059842480981
6622104104277222428
6300707204525683082
18360855328675840507
4760415042000498747
13006963682786639714
18329709111152093675
9508497377878220850
10266659016742181056
10022712328613827774
5535242786550735107
6039733200308058364
8887398064833105196
3712416341888994304
10208535603261020816
318971474501478572
13316776419359417932
3476366567415899955
6935879267591103787
9089412956988752929
9016989695517040145
1258030030835479719
7837141548942733864
3348604959087261237
1010773591523836528
14963118106453946963
2262158344682751113
3226575544821993245
13077892729378004030
16130986765616425336
13236666106400544075
15064974722671399932
17582192489672866498
1685081636247664901
9698113929895499515
3532777762374255170
8689608034538143216
14406124544363098834
8648037956652219039
17675064856232107047
7759509250360976437
9528189525266344096
776123690821257695
10518225975895254274
2900230214191041173
2495264959914598039
10316160479914686223
5409306598608927685
3224891482594008760
5753265581627435464
850929619619314964
964945797454236029
5279660762775681250
4591037754875591098
18070191046521279521
4179977398394804440
7336982006509284230
8820235752674549642
12235278831492154105
3641700049247185003
1021282977550174569
3917593876370134273
10791257330536809136
1270390733155049025
18437319945547724771
14080881490601037183
4515704194188470488
10067767809685267221
10959974716309179553
14212770971376794108
8249156576235607689
13273202163174021028
8380240726722629297
9664433214308674347
7512388390126007027
3498172052043872683
8125110074267714667
2399959838189429509
5695296731389824570
1365399180511676666
16282491365336369806
12225704600444538006
1578267128651141475
13660607778774777306
893990198258020845
10234440769409167741
10561741824706400402
13206231319180131860
9887482885510074197
18385771255300852284
12138902529917089798
2001708669958290165
16084737475083444070
11801852946727442572
7017812046923614171
17582877485139781074
2189799458255321991
8353715818057795051
9896216173640233180
12019156462668967164
16069714899765286396
14991298933202361662
6248397502502015393
8327599122717613489
14243292053670826424
8337394314173221284
10962056782612628108
12186058568029683918
7553767689123691888
13624014180839954372
6959252934100476716
4963896877292596057
6635767754499474197
10840863234703121243
6568991665746497856
10541874166576999570
1006549020967402397
17880926006012876085
867416675970244700
14743003814078360601
