6204874926517392238
631977179020359481
15262350177463864069
1275278976166057676
9823208261777837817
14575463871798177882
18372707170111505855
11780478036175976053
16845372135043671065
5730567359334639028
8279685334796349381
15690817201535237022
17995714989864800573
3890369874501826196
8800294969640267456
8486910628449696272
16235078023566875402
311787520746423562
14212679730748768951
8704173794336279050
5123554997200247413
10433996206603023485
10269984331725641502
9563147931252970231
2100390218332248231
2350400747147728321
8709989275876196793
6294818969601140358
16803078500133829907
5959289323454058917
13709609483154390900
3246339164275168685
